x9grep   1 10000 0.0000269 0.0000190
x9grep   2 10000 0.0000307 0.0000250
x9grep   3 10000 0.0000327 0.0000240
x9grep   4 10000 0.0000351 0.0000270
x9grep   5 10000 0.0000384 0.0000310
x9grep   6 10000 0.0000401 0.0000340
x9grep   7 10000 0.0000421 0.0000340
x9grep   8 10000 0.0000448 0.0000370
x9grep   9 10000 0.0000474 0.0000400
x9grep  10 10000 0.0000498 0.0000430
x9grep  11 10000 0.0000532 0.0000440
x9grep  12 10000 0.0000540 0.0000460
x9grep  13 10000 0.0000572 0.0000490
x9grep  14 10000 0.0000585 0.0000500
x9grep  15 10000 0.0000621 0.0000540
x9grep  16 10000 0.0000633 0.0000540
x9grep  17 10000 0.0000658 0.0000580
x9grep  18 10000 0.0000695 0.0000610
x9grep  19 10000 0.0000724 0.0000630
x9grep  20 10000 0.0000751 0.0000680
x9grep  21 10000 0.0000770 0.0000680
x9grep  22 10000 0.0000794 0.0000700
x9grep  23 10000 0.0000829 0.0000720
x9grep  24 10000 0.0000833 0.0000750
x9grep  25 10000 0.0000871 0.0000780
x9grep  26 10000 0.0000889 0.0000790
x9grep  27 10000 0.0000906 0.0000820
x9grep  28 10000 0.0000942 0.0000850
x9grep  29 10000 0.0000959 0.0000860
x9grep  30 10000 0.0000982 0.0000890
x9grep  31 10000 0.0001016 0.0000910
x9grep  32 10000 0.0001022 0.0000920
x9grep  33 10000 0.0001048 0.0000950
x9grep  34 10000 0.0001077 0.0000960
x9grep  35 10000 0.0001097 0.0000990
x9grep  36 10000 0.0001120 0.0001020
x9grep  37 10000 0.0001134 0.0001030
x9grep  38 10000 0.0001186 0.0001070
x9grep  39 10000 0.0001188 0.0001080
x9grep  40 10000 0.0001231 0.0001130
x9grep  41 10000 0.0001256 0.0001140
x9grep  42 10000 0.0001256 0.0001150
x9grep  43 10000 0.0001269 0.0001160
x9grep  44 10000 0.0001317 0.0001200
x9grep  45 10000 0.0001344 0.0001230
x9grep  46 10000 0.0001334 0.0001230
x9grep  47 10000 0.0001358 0.0001250
x9grep  48 10000 0.0001387 0.0001290
x9grep  49 10000 0.0001398 0.0001290
x9grep  50 10000 0.0001451 0.0001340
x9grep  51 10000 0.0001481 0.0001370
x9grep  52 10000 0.0001482 0.0001370
x9grep  53 10000 0.0001496 0.0001390
x9grep  54 10000 0.0001532 0.0001410
x9grep  55 10000 0.0001544 0.0001440
x9grep  56 10000 0.0001573 0.0001460
x9grep  57 10000 0.0001595 0.0001490
x9grep  58 10000 0.0001618 0.0001500
x9grep  59 10000 0.0001652 0.0001570
x9grep  60 10000 0.0001670 0.0001560
x9grep  61 10000 0.0001713 0.0001610
x9grep  62 10000 0.0001739 0.0001620
x9grep  63 10000 0.0001756 0.0001650
x9grep  64 10000 0.0001760 0.0001650
x9grep  65 10000 0.0001782 0.0001660
x9grep  66 10000 0.0001790 0.0001660
x9grep  67 10000 0.0001841 0.0001730
x9grep  68 10000 0.0001853 0.0001730
x9grep  69 10000 0.0001865 0.0001750
x9grep  70 10000 0.0001918 0.0001790
x9grep  71 10000 0.0001918 0.0001790
x9grep  72 10000 0.0001917 0.0001800
x9grep  73 10000 0.0001961 0.0001830
x9grep  74 10000 0.0001969 0.0001840
x9grep  75 10000 0.0002011 0.0001890
x9grep  76 10000 0.0002038 0.0001920
x9grep  77 10000 0.0002053 0.0001930
x9grep  78 10000 0.0002116 0.0001980
x9grep  79 10000 0.0002099 0.0001990
x9grep  80 10000 0.0002119 0.0002010
x9grep  81 10000 0.0002154 0.0002040
x9grep  82 10000 0.0002174 0.0002060
x9grep  83 10000 0.0002205 0.0002090
x9grep  84 10000 0.0002210 0.0002110
x9grep  85 10000 0.0002227 0.0002110
x9grep  86 10000 0.0002297 0.0002180
x9grep  87 10000 0.0002265 0.0002150
x9grep  88 10000 0.0002313 0.0002180
x9grep  89 10000 0.0002300 0.0002200
x9grep  90 10000 0.0002347 0.0002230
x9grep  91 10000 0.0002368 0.0002240
x9grep  92 10000 0.0002384 0.0002270
x9grep  93 10000 0.0002421 0.0002290
x9grep  94 10000 0.0002431 0.0002310
x9grep  95 10000 0.0002461 0.0002340
x9grep  96 10000 0.0002485 0.0002350
x9grep  97 10000 0.0002511 0.0002380
x9grep  98 10000 0.0002580 0.0002450
x9grep  99 10000 0.0002579 0.0002460
x9grep 100 10000 0.0002598 0.0002480
xbwk   1 10000 0.0000054 0.0000040
xbwk   2 10000 0.0000054 0.0000040
xbwk   3 10000 0.0000054 0.0000040
xbwk   4 10000 0.0000055 0.0000050
xbwk   5 10000 0.0000056 0.0000040
xbwk   6 10000 0.0000056 0.0000040
xbwk   7 10000 0.0000057 0.0000040
xbwk   8 10000 0.0000058 0.0000040
xbwk   9 10000 0.0000058 0.0000040
xbwk  10 10000 0.0000058 0.0000050
xbwk  11 10000 0.0000058 0.0000040
xbwk  12 10000 0.0000063 0.0000040
xbwk  13 10000 0.0000063 0.0000050
xbwk  14 10000 0.0000064 0.0000060
xbwk  15 10000 0.0000064 0.0000040
xbwk  16 10000 0.0000064 0.0000050
xbwk  17 10000 0.0000063 0.0000050
xbwk  18 10000 0.0000065 0.0000050
xbwk  19 10000 0.0000064 0.0000050
xbwk  20 10000 0.0000067 0.0000050
xbwk  21 10000 0.0000068 0.0000050
xbwk  22 10000 0.0000069 0.0000040
xbwk  23 10000 0.0000068 0.0000050
xbwk  24 10000 0.0000069 0.0000050
xbwk  25 10000 0.0000070 0.0000050
xbwk  26 10000 0.0000070 0.0000060
xbwk  27 10000 0.0000070 0.0000050
xbwk  28 10000 0.0000872 0.0000850
xbwk  29 10000 0.0000932 0.0000920
xbwk  30 10000 0.0000992 0.0000970
xbwk  31 10000 0.0001054 0.0001040
xbwk  32 10000 0.0001124 0.0001110
xbwk  33 10000 0.0001178 0.0001170
xbwk  34 10000 0.0001248 0.0001230
xbwk  35 10000 0.0001324 0.0001310
xbwk  36 10000 0.0001397 0.0001380
xbwk  37 10000 0.0001469 0.0001450
xbwk  38 10000 0.0001556 0.0001530
xbwk  39 10000 0.0001639 0.0001620
xbwk  40 10000 0.0001734 0.0001720
xbwk  41 10000 0.0001815 0.0001790
xbwk  42 10000 0.0001905 0.0001900
xbwk  43 10000 0.0001994 0.0001970
xbwk  44 10000 0.0002095 0.0002070
xbwk  45 10000 0.0002193 0.0002180
xbwk  46 10000 0.0002305 0.0002290
xbwk  47 10000 0.0002411 0.0002400
xbwk  48 10000 0.0002546 0.0002530
xbwk  49 10000 0.0002632 0.0002610
xbwk  50 10000 0.0002745 0.0002730
xbwk  51 10000 0.0002875 0.0002860
xbwk  52 10000 0.0002990 0.0002970
xbwk  53 10000 0.0003119 0.0003100
xbwk  54 10000 0.0003291 0.0003260
xbwk  55 10000 0.0003422 0.0003380
xbwk  56 10000 0.0003566 0.0003550
xbwk  57 10000 0.0003731 0.0003690
xbwk  58 10000 0.0003842 0.0003810
xbwk  59 10000 0.0003984 0.0003960
xbwk  60 10000 0.0004122 0.0004110
xbwk  61 10000 0.0004323 0.0004300
xbwk  62 10000 0.0004468 0.0004460
xbwk  63 10000 0.0004643 0.0004630
xbwk  64 10000 0.0004796 0.0004770
xbwk  65 10000 0.0005008 0.0005000
xbwk  66 10000 0.0005214 0.0005190
xbwk  67 10000 0.0005380 0.0005360
xbwk  68  9000 0.0005534 0.0005511
xbwk  69  9000 0.0005704 0.0005689
xbwk  70  9000 0.0005975 0.0005967
xbwk  71  9000 0.0006100 0.0006078
xbwk  72  8000 0.0006358 0.0006350
xbwk  73  8000 0.0006594 0.0006575
xbwk  74  8000 0.0006792 0.0006775
xbwk  75  8000 0.0006981 0.0006962
xbwk  76  7000 0.0007211 0.0007186
xbwk  77  7000 0.0007496 0.0007486
xbwk  78  7000 0.0007704 0.0007686
xbwk  79  7000 0.0007991 0.0007957
xbwk  80  7000 0.0008257 0.0008229
xbwk  81  6000 0.0008408 0.0008400
xbwk  82  6000 0.0008763 0.0008733
xbwk  83  6000 0.0008923 0.0008917
xbwk  84  6000 0.0009326 0.0009300
xbwk  85  6000 0.0009485 0.0009467
xbwk  86  6000 0.0009882 0.0009867
xbwk  87  5000 0.0010009 0.0010000
xbwk  88  5000 0.0010474 0.0010460
xbwk  89  5000 0.0010584 0.0010560
xbwk  90  5000 0.0010897 0.0010880
xbwk  91  5000 0.0011237 0.0011220
xbwk  92  5000 0.0011662 0.0011640
xbwk  93  5000 0.0011803 0.0011780
xbwk  94  5000 0.0012136 0.0012120
xbwk  95  5000 0.0012485 0.0012480
xbwk  96  4000 0.0012940 0.0012925
xbwk  97  4000 0.0013353 0.0013325
xbwk  98  4000 0.0013516 0.0013475
xbwk  99  4000 0.0013859 0.0013825
xbwk 100  4000 0.0014273 0.0014250
xegrep   1 10000 0.0000265 0.0000220
xegrep   2 10000 0.0000300 0.0000250
xegrep   3 10000 0.0000320 0.0000260
xegrep   4 10000 0.0000345 0.0000290
xegrep   5 10000 0.0000373 0.0000310
xegrep   6 10000 0.0000399 0.0000340
xegrep   7 10000 0.0000416 0.0000370
xegrep   8 10000 0.0000448 0.0000390
xegrep   9 10000 0.0000462 0.0000410
xegrep  10 10000 0.0000494 0.0000440
xegrep  11 10000 0.0000513 0.0000450
xegrep  12 10000 0.0000550 0.0000490
xegrep  13 10000 0.0000562 0.0000510
xegrep  14 10000 0.0000583 0.0000530
xegrep  15 10000 0.0000614 0.0000550
xegrep  16 10000 0.0000642 0.0000570
xegrep  17 10000 0.0000668 0.0000610
xegrep  18 10000 0.0000696 0.0000630
xegrep  19 10000 0.0000708 0.0000650
xegrep  20 10000 0.0000758 0.0000690
xegrep  21 10000 0.0000776 0.0000700
xegrep  22 10000 0.0000806 0.0000720
xegrep  23 10000 0.0000823 0.0000760
xegrep  24 10000 0.0000848 0.0000770
xegrep  25 10000 0.0000872 0.0000800
xegrep  26 10000 0.0000899 0.0000820
xegrep  27 10000 0.0000928 0.0000870
xegrep  28 10000 0.0000948 0.0000880
xegrep  29 10000 0.0000979 0.0000910
xegrep  30 10000 0.0000991 0.0000930
xegrep  31 10000 0.0001025 0.0000940
xegrep  32 10000 0.0001045 0.0000970
xegrep  33 10000 0.0001067 0.0001000
xegrep  34 10000 0.0001093 0.0001030
xegrep  35 10000 0.0001125 0.0001060
xegrep  36 10000 0.0001150 0.0001080
xegrep  37 10000 0.0001172 0.0001100
xegrep  38 10000 0.0001191 0.0001120
xegrep  39 10000 0.0001214 0.0001140
xegrep  40 10000 0.0001218 0.0001140
xegrep  41 10000 0.0001250 0.0001190
xegrep  42 10000 0.0001279 0.0001220
xegrep  43 10000 0.0001286 0.0001210
xegrep  44 10000 0.0001322 0.0001260
xegrep  45 10000 0.0001353 0.0001280
xegrep  46 10000 0.0001394 0.0001310
xegrep  47 10000 0.0001389 0.0001310
xegrep  48 10000 0.0001419 0.0001350
xegrep  49 10000 0.0001437 0.0001350
xegrep  50 10000 0.0001464 0.0001400
xegrep  51 10000 0.0001499 0.0001430
xegrep  52 10000 0.0001500 0.0001430
xegrep  53 10000 0.0001529 0.0001450
xegrep  54 10000 0.0001538 0.0001470
xegrep  55 10000 0.0001579 0.0001510
xegrep  56 10000 0.0001612 0.0001520
xegrep  57 10000 0.0001621 0.0001540
xegrep  58 10000 0.0001672 0.0001600
xegrep  59 10000 0.0001681 0.0001600
xegrep  60 10000 0.0001709 0.0001640
xegrep  61 10000 0.0001737 0.0001650
xegrep  62 10000 0.0001759 0.0001660
xegrep  63 10000 0.0001792 0.0001710
xegrep  64 10000 0.0001804 0.0001710
xegrep  65 10000 0.0001834 0.0001740
xegrep  66 10000 0.0001850 0.0001760
xegrep  67 10000 0.0001878 0.0001790
xegrep  68 10000 0.0001904 0.0001820
xegrep  69 10000 0.0001924 0.0001840
xegrep  70 10000 0.0001935 0.0001850
xegrep  71 10000 0.0001964 0.0001880
xegrep  72 10000 0.0001992 0.0001890
xegrep  73 10000 0.0002004 0.0001910
xegrep  74 10000 0.0002039 0.0001940
xegrep  75 10000 0.0002066 0.0001960
xegrep  76 10000 0.0002095 0.0002000
xegrep  77 10000 0.0002094 0.0002010
xegrep  78 10000 0.0002114 0.0002030
xegrep  79 10000 0.0002165 0.0002080
xegrep  80 10000 0.0002162 0.0002080
xegrep  81 10000 0.0002223 0.0002130
xegrep  82 10000 0.0002226 0.0002140
xegrep  83 10000 0.0002245 0.0002160
xegrep  84 10000 0.0002291 0.0002190
xegrep  85 10000 0.0002292 0.0002200
xegrep  86 10000 0.0002323 0.0002240
xegrep  87 10000 0.0002336 0.0002250
xegrep  88 10000 0.0002357 0.0002260
xegrep  89 10000 0.0002384 0.0002290
xegrep  90 10000 0.0002445 0.0002360
xegrep  91 10000 0.0002461 0.0002370
xegrep  92 10000 0.0002485 0.0002400
xegrep  93 10000 0.0002501 0.0002410
xegrep  94 10000 0.0002511 0.0002420
xegrep  95 10000 0.0002553 0.0002460
xegrep  96 10000 0.0002567 0.0002470
xegrep  97 10000 0.0002620 0.0002550
xegrep  98 10000 0.0002623 0.0002540
xegrep  99 10000 0.0002643 0.0002550
xegrep 100 10000 0.0002649 0.0002550
xgawk   1 10000 0.0000052 0.0000040
xgawk   2 10000 0.0000052 0.0000040
xgawk   3 10000 0.0000054 0.0000050
xgawk   4 10000 0.0000057 0.0000040
xgawk   5 10000 0.0000059 0.0000050
xgawk   6 10000 0.0000060 0.0000050
xgawk   7 10000 0.0000062 0.0000050
xgawk   8 10000 0.0000063 0.0000060
xgawk   9 10000 0.0000065 0.0000060
xgawk  10 10000 0.0000067 0.0000050
xgawk  11 10000 0.0000067 0.0000050
xgawk  12 10000 0.0000073 0.0000050
xgawk  13 10000 0.0000074 0.0000070
xgawk  14 10000 0.0000075 0.0000060
xgawk  15 10000 0.0000078 0.0000060
xgawk  16 10000 0.0000080 0.0000060
xgawk  17 10000 0.0000081 0.0000070
xgawk  18 10000 0.0000083 0.0000070
xgawk  19 10000 0.0000085 0.0000070
xgawk  20 10000 0.0000089 0.0000070
xgawk  21 10000 0.0000090 0.0000070
xgawk  22 10000 0.0000092 0.0000070
xgawk  23 10000 0.0000095 0.0000070
xgawk  24 10000 0.0000097 0.0000090
xgawk  25 10000 0.0000099 0.0000080
xgawk  26 10000 0.0000100 0.0000080
xgawk  27 10000 0.0000103 0.0000080
xgawk  28 10000 0.0000100 0.0000080
xgawk  29 10000 0.0000103 0.0000090
xgawk  30 10000 0.0000106 0.0000090
xgawk  31 10000 0.0000108 0.0000100
xgawk  32 10000 0.0000109 0.0000090
xgawk  33 10000 0.0000112 0.0000090
xgawk  34 10000 0.0000114 0.0000090
xgawk  35 10000 0.0000118 0.0000100
xgawk  36 10000 0.0000121 0.0000100
xgawk  37 10000 0.0000123 0.0000100
xgawk  38 10000 0.0000128 0.0000110
xgawk  39 10000 0.0000128 0.0000110
xgawk  40 10000 0.0000132 0.0000120
xgawk  41 10000 0.0000135 0.0000120
xgawk  42 10000 0.0000137 0.0000120
xgawk  43 10000 0.0000144 0.0000120
xgawk  44 10000 0.0000147 0.0000130
xgawk  45 10000 0.0000153 0.0000130
xgawk  46 10000 0.0000153 0.0000140
xgawk  47 10000 0.0000157 0.0000140
xgawk  48 10000 0.0000161 0.0000140
xgawk  49 10000 0.0000164 0.0000140
xgawk  50 10000 0.0000169 0.0000140
xgawk  51 10000 0.0000173 0.0000150
xgawk  52 10000 0.0000177 0.0000160
xgawk  53 10000 0.0000184 0.0000170
xgawk  54 10000 0.0000188 0.0000160
xgawk  55 10000 0.0000193 0.0000180
xgawk  56 10000 0.0000196 0.0000180
xgawk  57 10000 0.0000203 0.0000180
xgawk  58 10000 0.0000207 0.0000180
xgawk  59 10000 0.0000215 0.0000190
xgawk  60 10000 0.0000219 0.0000190
xgawk  61 10000 0.0000226 0.0000210
xgawk  62 10000 0.0000231 0.0000200
xgawk  63 10000 0.0000239 0.0000220
xgawk  64 10000 0.0000245 0.0000230
xgawk  65 10000 0.0000253 0.0000230
xgawk  66 10000 0.0000259 0.0000240
xgawk  67 10000 0.0000268 0.0000250
xgawk  68 10000 0.0000270 0.0000250
xgawk  69 10000 0.0000280 0.0000250
xgawk  70 10000 0.0000288 0.0000270
xgawk  71 10000 0.0000293 0.0000280
xgawk  72 10000 0.0000304 0.0000280
xgawk  73 10000 0.0000310 0.0000280
xgawk  74 10000 0.0000322 0.0000290
xgawk  75 10000 0.0000328 0.0000300
xgawk  76 10000 0.0000338 0.0000310
xgawk  77 10000 0.0000348 0.0000330
xgawk  78 10000 0.0000357 0.0000340
xgawk  79 10000 0.0000366 0.0000340
xgawk  80 10000 0.0000379 0.0000360
xgawk  81 10000 0.0000387 0.0000370
xgawk  82 10000 0.0000401 0.0000370
xgawk  83 10000 0.0000411 0.0000390
xgawk  84 10000 0.0000420 0.0000400
xgawk  85 10000 0.0000431 0.0000410
xgawk  86 10000 0.0000444 0.0000430
xgawk  87 10000 0.0000461 0.0000440
xgawk  88 10000 0.0000472 0.0000450
xgawk  89 10000 0.0000485 0.0000460
xgawk  90 10000 0.0000501 0.0000470
xgawk  91 10000 0.0000513 0.0000480
xgawk  92 10000 0.0000528 0.0000500
xgawk  93 10000 0.0000540 0.0000510
xgawk  94 10000 0.0000553 0.0000520
xgawk  95 10000 0.0000570 0.0000540
xgawk  96 10000 0.0000590 0.0000570
xgawk  97 10000 0.0000604 0.0000580
xgawk  98 10000 0.0000620 0.0000590
xgawk  99 10000 0.0000639 0.0000600
xgawk 100 10000 0.0000653 0.0000630
xmawk   1 10000 0.0000024 0.0000010
xmawk   2 10000 0.0000025 0.0000010
xmawk   3 10000 0.0000025 0.0000020
xmawk   4 10000 0.0000026 0.0000010
xmawk   5 10000 0.0000026 0.0000020
xmawk   6 10000 0.0000026 0.0000010
xmawk   7 10000 0.0000027 0.0000010
xmawk   8 10000 0.0000028 0.0000020
xmawk   9 10000 0.0000028 0.0000010
xmawk  10 10000 0.0000029 0.0000020
xmawk  11 10000 0.0000029 0.0000020
xmawk  12 10000 0.0000032 0.0000020
xmawk  13 10000 0.0000033 0.0000020
xmawk  14 10000 0.0000033 0.0000020
xmawk  15 10000 0.0000033 0.0000020
xmawk  16 10000 0.0000034 0.0000020
xmawk  17 10000 0.0000035 0.0000020
xmawk  18 10000 0.0000035 0.0000020
xmawk  19 10000 0.0000035 0.0000020
xmawk  20 10000 0.0000039 0.0000020
xmawk  21 10000 0.0000039 0.0000030
xmawk  22 10000 0.0000039 0.0000030
xmawk  23 10000 0.0000040 0.0000020
xmawk  24 10000 0.0000040 0.0000030
xmawk  25 10000 0.0000041 0.0000020
xmawk  26 10000 0.0000041 0.0000020
xmawk  27 10000 0.0000041 0.0000030
xmawk  28 10000 0.0000037 0.0000020
xmawk  29 10000 0.0000037 0.0000030
xmawk  30 10000 0.0000038 0.0000030
xmawk  31 10000 0.0000038 0.0000030
xmawk  32 10000 0.0000038 0.0000020
xmawk  33 10000 0.0000038 0.0000020
xmawk  34 10000 0.0000039 0.0000020
xmawk  35 10000 0.0000039 0.0000020
xmawk  36 10000 0.0000040 0.0000020
xmawk  37 10000 0.0000040 0.0000020
xmawk  38 10000 0.0000040 0.0000030
xmawk  39 10000 0.0000041 0.0000030
xmawk  40 10000 0.0000041 0.0000030
xmawk  41 10000 0.0000041 0.0000030
xmawk  42 10000 0.0000042 0.0000030
xmawk  43 10000 0.0000042 0.0000030
xmawk  44 10000 0.0000043 0.0000030
xmawk  45 10000 0.0000044 0.0000020
xmawk  46 10000 0.0000044 0.0000030
xmawk  47 10000 0.0000045 0.0000040
xmawk  48 10000 0.0000045 0.0000030
xmawk  49 10000 0.0000045 0.0000030
xmawk  50 10000 0.0000046 0.0000030
xmawk  51 10000 0.0000046 0.0000030
xmawk  52 10000 0.0000047 0.0000030
xmawk  53 10000 0.0000047 0.0000020
xmawk  54 10000 0.0000047 0.0000030
xmawk  55 10000 0.0000048 0.0000030
xmawk  56 10000 0.0000048 0.0000030
xmawk  57 10000 0.0000049 0.0000030
xmawk  58 10000 0.0000049 0.0000030
xmawk  59 10000 0.0000049 0.0000030
xmawk  60 10000 0.0000050 0.0000030
xmawk  61 10000 0.0000050 0.0000030
xmawk  62 10000 0.0000051 0.0000030
xmawk  63 10000 0.0000051 0.0000040
xmawk  64 10000 0.0000052 0.0000040
xmawk  65 10000 0.0000052 0.0000030
xmawk  66 10000 0.0000052 0.0000030
xmawk  67 10000 0.0000053 0.0000030
xmawk  68 10000 0.0000050 0.0000030
xmawk  69 10000 0.0000050 0.0000030
xmawk  70 10000 0.0000050 0.0000030
xmawk  71 10000 0.0000051 0.0000030
xmawk  72 10000 0.0000051 0.0000040
xmawk  73 10000 0.0000052 0.0000040
xmawk  74 10000 0.0000052 0.0000040
xmawk  75 10000 0.0000053 0.0000040
xmawk  76 10000 0.0000053 0.0000030
xmawk  77 10000 0.0000054 0.0000030
xmawk  78 10000 0.0000054 0.0000040
xmawk  79 10000 0.0000054 0.0000040
xmawk  80 10000 0.0000054 0.0000040
xmawk  81 10000 0.0000054 0.0000030
xmawk  82 10000 0.0000055 0.0000030
xmawk  83 10000 0.0000055 0.0000040
xmawk  84 10000 0.0000056 0.0000040
xmawk  85 10000 0.0000056 0.0000030
xmawk  86 10000 0.0000056 0.0000040
xmawk  87 10000 0.0000057 0.0000040
xmawk  88 10000 0.0000057 0.0000050
xmawk  89 10000 0.0000058 0.0000040
xmawk  90 10000 0.0000058 0.0000030
xmawk  91 10000 0.0000059 0.0000040
xmawk  92 10000 0.0000059 0.0000040
xmawk  93 10000 0.0000059 0.0000030
xmawk  94 10000 0.0000059 0.0000040
xmawk  95 10000 0.0000060 0.0000040
xmawk  96 10000 0.0000060 0.0000040
xmawk  97 10000 0.0000060 0.0000040
xmawk  98 10000 0.0000061 0.0000040
xmawk  99 10000 0.0000062 0.0000040
xmawk 100 10000 0.0000062 0.0000040
xnfa   1 10000 0.0000012 0.0000010
xnfa   2 10000 0.0000014 0.0000000
xnfa   3 10000 0.0000015 0.0000000
xnfa   4 10000 0.0000018 0.0000000
xnfa   5 10000 0.0000021 0.0000010
xnfa   6 10000 0.0000024 0.0000020
xnfa   7 10000 0.0000027 0.0000020
xnfa   8 10000 0.0000031 0.0000030
xnfa   9 10000 0.0000035 0.0000030
xnfa  10 10000 0.0000039 0.0000030
xnfa  11 10000 0.0000044 0.0000040
xnfa  12 10000 0.0000052 0.0000050
xnfa  13 10000 0.0000057 0.0000050
xnfa  14 10000 0.0000063 0.0000050
xnfa  15 10000 0.0000069 0.0000060
xnfa  16 10000 0.0000076 0.0000060
xnfa  17 10000 0.0000082 0.0000070
xnfa  18 10000 0.0000090 0.0000070
xnfa  19 10000 0.0000097 0.0000090
xnfa  20 10000 0.0000108 0.0000090
xnfa  21 10000 0.0000116 0.0000110
xnfa  22 10000 0.0000125 0.0000110
xnfa  23 10000 0.0000134 0.0000120
xnfa  24 10000 0.0000144 0.0000130
xnfa  25 10000 0.0000152 0.0000150
xnfa  26 10000 0.0000164 0.0000150
xnfa  27 10000 0.0000173 0.0000160
xnfa  28 10000 0.0000179 0.0000170
xnfa  29 10000 0.0000190 0.0000170
xnfa  30 10000 0.0000201 0.0000200
xnfa  31 10000 0.0000212 0.0000190
xnfa  32 10000 0.0000224 0.0000210
xnfa  33 10000 0.0000238 0.0000220
xnfa  34 10000 0.0000250 0.0000240
xnfa  35 10000 0.0000263 0.0000250
xnfa  36 10000 0.0000279 0.0000260
xnfa  37 10000 0.0000291 0.0000290
xnfa  38 10000 0.0000306 0.0000290
xnfa  39 10000 0.0000320 0.0000310
xnfa  40 10000 0.0000336 0.0000330
xnfa  41 10000 0.0000351 0.0000340
xnfa  42 10000 0.0000367 0.0000360
xnfa  43 10000 0.0000391 0.0000380
xnfa  44 10000 0.0000402 0.0000390
xnfa  45 10000 0.0000418 0.0000400
xnfa  46 10000 0.0000435 0.0000420
xnfa  47 10000 0.0000453 0.0000440
xnfa  48 10000 0.0000469 0.0000460
xnfa  49 10000 0.0000488 0.0000480
xnfa  50 10000 0.0000510 0.0000490
xnfa  51 10000 0.0000527 0.0000520
xnfa  52 10000 0.0000547 0.0000530
xnfa  53 10000 0.0000567 0.0000550
xnfa  54 10000 0.0000586 0.0000570
xnfa  55 10000 0.0000618 0.0000610
xnfa  56 10000 0.0000628 0.0000620
xnfa  57 10000 0.0000659 0.0000640
xnfa  58 10000 0.0000673 0.0000650
xnfa  59 10000 0.0000692 0.0000680
xnfa  60 10000 0.0000716 0.0000700
xnfa  61 10000 0.0000736 0.0000730
xnfa  62 10000 0.0000764 0.0000750
xnfa  63 10000 0.0000785 0.0000770
xnfa  64 10000 0.0000807 0.0000790
xnfa  65 10000 0.0000832 0.0000810
xnfa  66 10000 0.0000856 0.0000830
xnfa  67 10000 0.0000882 0.0000870
xnfa  68 10000 0.0000903 0.0000890
xnfa  69 10000 0.0000930 0.0000920
xnfa  70 10000 0.0000957 0.0000940
xnfa  71 10000 0.0000980 0.0000960
xnfa  72 10000 0.0001030 0.0001020
xnfa  73 10000 0.0001034 0.0001030
xnfa  74 10000 0.0001062 0.0001040
xnfa  75 10000 0.0001090 0.0001080
xnfa  76 10000 0.0001120 0.0001100
xnfa  77 10000 0.0001161 0.0001150
xnfa  78 10000 0.0001175 0.0001150
xnfa  79 10000 0.0001205 0.0001190
xnfa  80 10000 0.0001236 0.0001220
xnfa  81 10000 0.0001264 0.0001240
xnfa  82 10000 0.0001302 0.0001280
xnfa  83 10000 0.0001324 0.0001310
xnfa  84 10000 0.0001355 0.0001340
xnfa  85 10000 0.0001388 0.0001370
xnfa  86 10000 0.0001418 0.0001400
xnfa  87 10000 0.0001464 0.0001450
xnfa  88 10000 0.0001485 0.0001470
xnfa  89 10000 0.0001514 0.0001500
xnfa  90 10000 0.0001548 0.0001530
xnfa  91 10000 0.0001584 0.0001570
xnfa  92 10000 0.0001619 0.0001600
xnfa  93 10000 0.0001649 0.0001630
xnfa  94 10000 0.0001684 0.0001670
xnfa  95 10000 0.0001720 0.0001700
xnfa  96 10000 0.0001757 0.0001750
xnfa  97 10000 0.0001787 0.0001770
xnfa  98 10000 0.0001859 0.0001840
xnfa  99 10000 0.0001864 0.0001850
xnfa 100 10000 0.0001899 0.0001880
xpcre   1 10000 0.0000245 0.0000210
xpcre   2 10000 0.0000268 0.0000220
xpcre   3 10000 0.0000296 0.0000240
xpcre   4 10000 0.0000335 0.0000290
xpcre   5 10000 0.0000379 0.0000330
xpcre   6 10000 0.0000450 0.0000400
xpcre   7 10000 0.0000578 0.0000530
xpcre   8 10000 0.0000819 0.0000770
xpcre   9 10000 0.0001298 0.0001240
xpcre  10 10000 0.0002275 0.0002230
xpcre  11 10000 0.0004274 0.0004220
xpcre  12  6000 0.0008455 0.0008400
xpcre  13  3000 0.0017120 0.0017067
xpcre  14  2000 0.0035185 0.0035150
xpcre  15   687 0.0072504 0.0072344
xpcre  16   333 0.0151210 0.0151051
xpcre  17   159 0.0313545 0.0313208
xpcre  18    77 0.0648389 0.0648052
xpcre  19    37 0.1335595 0.1335135
xpcre  20    18 0.2760448 0.2755556
xpcre  21     8 0.5762219 0.5762500
xpcre  22     4 1.1749282 1.1750000
pcregrep: pcre_exec() error -8 while matching this line:
aaaaaaaaaaaaaaaaaaaaaaa
pcregrep: error -8 means that a resource limit was exceeded
pcregrep: check your regex for nested unlimited loops
pcregrep: pcre_exec() error -8 while matching this line:
aaaaaaaaaaaaaaaaaaaaaaa
pcregrep: error -8 means that a resource limit was exceeded
pcregrep: check your regex for nested unlimited loops
pcregrep: pcre_exec() error -8 while matching this line:
aaaaaaaaaaaaaaaaaaaaaaa
pcregrep: pcre_exec() error -8 while matching this line:
aaaaaaaaaaaaaaaaaaaaaaa
xpcre  23     3 1.4041387 1.4033333 wrong
xperl   1 10000 0.0000042 0.0000020
xperl   2 10000 0.0000045 0.0000030
xperl   3 10000 0.0000051 0.0000030
xperl   4 10000 0.0000061 0.0000040
xperl   5 10000 0.0000080 0.0000070
xperl   6 10000 0.0000118 0.0000100
xperl   7 10000 0.0000195 0.0000180
xperl   8 10000 0.0000348 0.0000330
xperl   9 10000 0.0000652 0.0000640
xperl  10 10000 0.0001267 0.0001250
xperl  11 10000 0.0002491 0.0002470
xperl  12 10000 0.0004923 0.0004900
xperl  13  6000 0.0009781 0.0009767
xperl  14  3000 0.0019709 0.0019667
xperl  15  2000 0.0039448 0.0039450
xperl  16   629 0.0079220 0.0079173
xperl  17   318 0.0156197 0.0155975
xperl  18   159 0.0317412 0.0316981
xperl  19    79 0.0631689 0.0631646
xperl  20    39 0.1257389 0.1258974
xperl  21    19 0.2527193 0.2526316
xperl  22     9 0.4993416 0.4988889
xperl  23     4 1.0104740 1.0100000
xperl  24     2 2.0180170 2.0200000
xperl  25     1 4.0493050 4.0400000
xperl  26     1 8.0138400 8.0100000
xperl  27     1 16.0191370 16.0200000
xperl  28     1 32.1368100 32.1400000
xperl  29     1 64.7435120 64.7400000
xpython   1 10000 0.0000233 0.0000180
xpython   2 10000 0.0000239 0.0000190
xpython   3 10000 0.0000244 0.0000200
xpython   4 10000 0.0000253 0.0000210
xpython   5 10000 0.0000269 0.0000230
xpython   6 10000 0.0000306 0.0000260
xpython   7 10000 0.0000379 0.0000340
xpython   8 10000 0.0000523 0.0000490
xpython   9 10000 0.0000826 0.0000790
xpython  10 10000 0.0001450 0.0001400
xpython  11 10000 0.0002719 0.0002670
xpython  12 10000 0.0005350 0.0005300
xpython  13  5000 0.0010764 0.0010720
xpython  14  3000 0.0021815 0.0021800
xpython  15  2000 0.0044523 0.0044450
xpython  16   537 0.0091509 0.0091434
xpython  17   264 0.0188322 0.0187879
xpython  18   129 0.0385917 0.0385271
xpython  19    62 0.0793167 0.0791935
xpython  20    30 0.1622033 0.1620000
xpython  21    15 0.3314555 0.3313333
xpython  22     7 0.6770171 0.6771429
xpython  23     3 1.3770507 1.3766667
xpython  24     1 2.8239460 2.8200000
xpython  25     1 5.7560540 5.7600000
xpython  26     1 11.7261860 11.7300000
xpython  27     1 23.8426790 23.8400000
xpython  28     1 48.6402380 48.6300000
xpython  29     1 98.9202750 98.9100000
xruby   1 10000 0.0000172 0.0000130
xruby   2 10000 0.0000182 0.0000160
xruby   3 10000 0.0000188 0.0000150
xruby   4 10000 0.0000202 0.0000170
xruby   5 10000 0.0000221 0.0000180
xruby   6 10000 0.0000260 0.0000220
xruby   7 10000 0.0000339 0.0000300
xruby   8 10000 0.0000499 0.0000460
xruby   9 10000 0.0000824 0.0000780
xruby  10 10000 0.0001490 0.0001450
xruby  11 10000 0.0002844 0.0002800
xruby  12  9000 0.0005630 0.0005589
xruby  13  5000 0.0011380 0.0011340
xruby  14  3000 0.0023042 0.0023000
xruby  15  2000 0.0047179 0.0047150
xruby  16   516 0.0096425 0.0096318
xruby  17   254 0.0197772 0.0197638
xruby  18   124 0.0402158 0.0402419
xruby  19    60 0.0822880 0.0821667
xruby  20    29 0.1680501 0.1679310
xruby  21    14 0.3428376 0.3428571
xruby  22     7 0.7017951 0.7014286
xruby  23     3 1.4405183 1.4400000
xruby  24     1 2.9549640 2.9500000
xruby  25     1 5.9002860 5.8900000
xruby  26     1 12.0914440 12.0800000
xruby  27     1 24.4907050 24.4900000
xruby  28     1 49.8413270 49.8300000
xruby  29     1 102.0505100 102.0500000
xtcl   1 10000 0.0000208 0.0000150
xtcl   2 10000 0.0000216 0.0000140
xtcl   3 10000 0.0000239 0.0000180
xtcl   4 10000 0.0000258 0.0000200
xtcl   5 10000 0.0000272 0.0000220
xtcl   6 10000 0.0000289 0.0000240
xtcl   7 10000 0.0000308 0.0000240
xtcl   8 10000 0.0000327 0.0000250
xtcl   9 10000 0.0000349 0.0000290
xtcl  10 10000 0.0000372 0.0000310
xtcl  11 10000 0.0000396 0.0000330
xtcl  12 10000 0.0000427 0.0000350
xtcl  13 10000 0.0000462 0.0000400
xtcl  14 10000 0.0000493 0.0000420
xtcl  15 10000 0.0000524 0.0000460
xtcl  16 10000 0.0000567 0.0000500
xtcl  17 10000 0.0000600 0.0000530
xtcl  18 10000 0.0000632 0.0000550
xtcl  19 10000 0.0000681 0.0000600
xtcl  20 10000 0.0000729 0.0000660
xtcl  21 10000 0.0000768 0.0000690
xtcl  22 10000 0.0000814 0.0000730
xtcl  23 10000 0.0000864 0.0000790
xtcl  24 10000 0.0000927 0.0000860
xtcl  25 10000 0.0000975 0.0000910
xtcl  26 10000 0.0001018 0.0000950
xtcl  27 10000 0.0001085 0.0001000
xtcl  28 10000 0.0001133 0.0001070
xtcl  29 10000 0.0001196 0.0001140
xtcl  30 10000 0.0001262 0.0001190
xtcl  31 10000 0.0001433 0.0001350
xtcl  32 10000 0.0001439 0.0001380
xtcl  33 10000 0.0001494 0.0001420
xtcl  34 10000 0.0001555 0.0001490
xtcl  35 10000 0.0001635 0.0001560
xtcl  36 10000 0.0001704 0.0001640
xtcl  37 10000 0.0001770 0.0001690
xtcl  38 10000 0.0001863 0.0001800
xtcl  39 10000 0.0001941 0.0001860
xtcl  40 10000 0.0002035 0.0001960
xtcl  41 10000 0.0002117 0.0002040
xtcl  42 10000 0.0002194 0.0002120
xtcl  43 10000 0.0002301 0.0002250
xtcl  44 10000 0.0002384 0.0002320
xtcl  45 10000 0.0002483 0.0002410
xtcl  46 10000 0.0002585 0.0002520
xtcl  47 10000 0.0002701 0.0002620
xtcl  48 10000 0.0002865 0.0002810
xtcl  49 10000 0.0003002 0.0002940
xtcl  50 10000 0.0003045 0.0002980
xtcl  51 10000 0.0003152 0.0003080
xtcl  52 10000 0.0003256 0.0003180
xtcl  53 10000 0.0003354 0.0003270
xtcl  54 10000 0.0003470 0.0003400
xtcl  55 10000 0.0003592 0.0003510
xtcl  56 10000 0.0003719 0.0003640
xtcl  57 10000 0.0003840 0.0003750
xtcl  58 10000 0.0003937 0.0003860
xtcl  59 10000 0.0004094 0.0004020
xtcl  60 10000 0.0004223 0.0004140
xtcl  61 10000 0.0004360 0.0004270
xtcl  62 10000 0.0004483 0.0004410
xtcl  63 10000 0.0005085 0.0005000
xtcl  64 10000 0.0004969 0.0004900
xtcl  65 10000 0.0005087 0.0005030
xtcl  66 10000 0.0005184 0.0005100
xtcl  67 10000 0.0005327 0.0005250
xtcl  68 10000 0.0005465 0.0005390
xtcl  69  9000 0.0005582 0.0005522
xtcl  70  9000 0.0005732 0.0005656
xtcl  71  9000 0.0005893 0.0005822
xtcl  72  9000 0.0006072 0.0006011
xtcl  73  9000 0.0006190 0.0006111
xtcl  74  8000 0.0006333 0.0006262
xtcl  75  8000 0.0006505 0.0006425
xtcl  76  8000 0.0006681 0.0006600
xtcl  77  8000 0.0006828 0.0006725
xtcl  78  8000 0.0007008 0.0006925
xtcl  79  7000 0.0007204 0.0007129
xtcl  80  7000 0.0007469 0.0007400
xtcl  81  7000 0.0007665 0.0007586
xtcl  82  7000 0.0007764 0.0007686
xtcl  83  7000 0.0007990 0.0007929
xtcl  84  7000 0.0008162 0.0008071
xtcl  85  7000 0.0008312 0.0008229
xtcl  86  6000 0.0008538 0.0008450
xtcl  87  6000 0.0008702 0.0008633
xtcl  88  6000 0.0008922 0.0008833
xtcl  89  6000 0.0009112 0.0009033
xtcl  90  6000 0.0009243 0.0009167
xtcl  91  6000 0.0009505 0.0009417
xtcl  92  6000 0.0009709 0.0009633
xtcl  93  6000 0.0009915 0.0009833
xtcl  94  5000 0.0010130 0.0010080
xtcl  95  5000 0.0011647 0.0011540
xtcl  96  5000 0.0010871 0.0010800
xtcl  97  5000 0.0011067 0.0010980
xtcl  98  5000 0.0011159 0.0011060
xtcl  99  5000 0.0011439 0.0011360
xtcl 100  5000 0.0011587 0.0011520
